fixedStep chrom=ENSGT00390000000013 start=1 step=1
-4.027
-4.014
-4.031
-4.029
-4.014
-4.031
-4.027
-4.029
-4.014
-4.029
-5.876
-4.031
-4.029
-4.679
-4.685
-4.344
-4.689
-4.342
-4.027
-4.458
-4.031
-4.014
-4.416
-4.029
-4.337
-4.029
-4.704
-4.301
-4.029
-4.679
-4.466
-4.707
-4.816
-4.458
-4.704
-4.710
-4.416
-4.416
-4.337
-4.710
-4.707
-5.494
-2.993
-3.056
0.000
0.000
0.000
0.000
0.000
0.000
0.000
0.000
0.000
0.000
0.000
0.000
0.000
0.000
0.000
0.000
0.000
0.000
0.000
-3.061
-3.063
-2.945
-3.061
-2.938
-2.940
-3.061
-3.061
-3.061
-2.939
-3.949
-3.889
-4.029
-4.029
-4.440
-4.416
-4.029
-4.029
-4.685
-6.020
-4.029
-4.652
-4.685
-4.685
-4.031
-4.344
-4.743
-4.689
-4.029
-4.679
-4.805
-4.685
-4.289
-4.710
-4.029
-4.416
-5.406
-4.370
-4.685
-4.342
-4.685
-4.063
-2.979
-3.051
-3.056
-3.515
-3.980
-3.351
-3.950
-3.051
-2.979
-3.051
-2.979
-3.952
-5.921
-5.921
-5.897
-4.029
-4.029
-4.822
-4.679
-4.707
-5.344
-3.061
-3.509
-3.061
-3.073
-3.061
-3.061
-3.073
-3.949
-3.061
-2.945
-3.061
-3.061
-3.061
-2.940
-2.939
-4.031
-4.031
-4.029
-4.029
-4.401
-4.031
-4.014
-4.031
-4.031
-4.029
-4.440
-4.031
-4.029
-4.822
-4.031
-4.333
-5.060
-4.029
-4.416
-4.679
-4.416
-4.289
-4.679
-4.817
-4.027
-4.014
-4.784
-4.014
-4.679
-4.029
-4.029
-4.029
-4.029
-4.029
-4.458
-4.031
-4.029
-4.652
-4.029
-4.682
-4.031
-4.027
-4.027
-6.005
-4.029
-4.416
-4.401
-4.031
-4.029
-4.416
-4.031
-4.063
-4.416
-4.029
-4.031
-4.031
-4.029
-4.029
-4.029
-4.150
-4.029
-4.458
-4.031
-4.031
-4.027
-4.031
-4.027
-4.689
-4.029
-1.460
-1.460
-1.460
-3.052
-3.052
-2.979
-4.652
-4.685
-4.816
-4.816
-4.029
-4.725
-4.689
-4.344
-4.817
-4.447
-4.346
-4.456
-1.027
-1.026
-1.027
-1.026
-1.027
-1.027
-1.027
-1.027
-1.027
-1.027
-1.034
-1.027
-1.035
-1.027
-1.035
-1.027
-1.035
-1.027
-1.027
-1.026
-1.032
-1.027
-1.026
-1.027
-1.026
-1.051
-1.053
-1.027
-1.026
-1.034
-1.026
-1.026
-1.027
-1.027
-1.027
-1.032
-1.027
-1.027
-1.027
-1.027
-1.027
-1.033
-1.026
-1.027
-1.027
-1.053
-1.026
-1.028
0.189
0.189
0.189
0.188
0.189
0.189
0.188
0.188
0.188
0.188
0.188
0.188
-1.450
-1.450
-1.450
0.188
0.188
0.188
0.188
0.188
0.189
0.189
0.188
0.188
0.188
0.188
0.188
0.189
0.189
0.187
0.187
0.188
0.187
0.188
0.188
0.188
0.188
0.188
0.188
0.188
0.188
0.189
0.189
0.189
0.188
0.188
0.188
0.188
0.187
0.189
0.187
0.188
0.188
0.188
0.188
0.188
0.188
0.188
0.189
0.188
0.189
0.189
0.188
0.187
0.188
0.188
0.188
0.189
0.189
0.188
0.188
0.187
0.188
0.189
0.188
0.188
0.189
0.188
0.187
0.188
0.188
0.187
0.189
0.187
0.188
0.187
0.187
-1.027
-1.027
-1.045
-1.149
-1.061
-1.047
0.188
0.187
0.188
0.188
0.188
0.188
-1.096
-1.095
-1.236
0.187
0.189
0.188
-1.107
-1.033
-1.033
-1.028
-1.028
-1.031
0.189
0.189
0.188
0.188
0.188
0.188
0.188
0.189
0.187
0.188
0.187
0.188
0.189
0.188
0.189
0.189
0.189
0.187
0.188
0.187
0.189
0.188
0.187
0.188
0.189
0.188
0.188
0.187
0.188
0.188
-3.342
-2.913
-2.895
0.188
0.188
0.188
0.188
0.188
0.187
0.188
0.189
0.189
0.189
0.189
0.189
0.188
0.189
0.189
0.189
0.188
0.189
0.188
0.188
0.188
0.188
0.188
0.187
0.188
0.188
0.189
0.189
0.189
0.187
0.188
0.188
0.188
0.189
0.188
0.189
0.189
0.188
0.187
0.188
0.189
0.187
0.188
0.188
0.188
0.187
0.189
0.189
0.187
0.187
0.187
0.187
0.188
0.189
0.188
0.188
0.189
0.189
0.189
0.188
0.188
0.187
0.188
0.188
0.188
0.189
0.189
0.189
0.188
0.187
0.188
0.188
0.189
0.189
0.188
0.189
0.188
0.189
0.189
0.189
0.189
0.189
0.189
0.188
0.189
0.188
0.188
0.188
0.189
0.189
0.188
0.189
0.189
0.189
0.189
0.189
0.189
0.188
0.188
-1.027
-1.027
-1.061
0.189
0.188
0.189
0.189
0.189
0.189
0.189
0.189
0.189
0.188
0.189
0.188
0.189
0.189
0.189
0.189
0.189
0.188
0.189
0.188
0.188
0.189
0.188
0.189
0.188
0.188
0.188
0.189
0.189
0.188
0.189
0.189
0.189
0.189
0.189
0.189
0.189
0.189
0.188
0.188
0.188
0.188
0.189
0.189
0.188
0.189
0.189
0.189
0.189
0.189
0.189
0.189
0.189
0.188
0.189
0.189
0.189
0.189
0.189
0.189
0.189
0.189
0.188
0.189
0.189
0.189
0.189
0.188
0.189
0.189
0.189
0.189
0.188
0.189
0.189
0.189
0.189
0.188
0.189
0.189
0.189
0.189
0.189
0.189
0.189
0.189
0.189
0.189
0.189
0.189
0.189
0.189
0.189
0.189
0.189
0.188
0.189
0.189
0.189
0.189
0.189
0.189
0.189
0.189
0.189
0.189
0.189
0.189
0.189
0.189
0.189
0.189
0.189
0.188
0.189
0.189
0.189
0.189
0.189
0.189
0.189
0.189
0.189
0.189
0.189
0.189
0.189
0.189
0.189
0.189
0.189
0.189
0.189
0.189
0.189
0.189
0.189
0.189
0.189
0.189
0.189
0.188
0.189
0.189
0.188
0.189
0.188
0.189
0.189
0.189
0.189
0.189
0.189
0.189
0.189
0.189
0.189
0.189
0.189
0.188
0.189
0.188
0.189
0.189
0.189
0.189
0.189
0.188
0.189
0.189
0.189
0.188
0.189
0.189
0.189
0.189
0.189
0.189
0.189
0.189
0.189
0.189
0.188
0.189
0.189
0.189
0.189
0.189
0.189
0.189
0.188
0.189
-2.411
-2.413
-2.442
-5.848
-5.848
-5.848
